1045 1035 1001 1035 1024 1071 1045
1160 1128 1080 1081 1089 1177 1160
1281 1225 1162 1128 1156 1288 1281
1408 1326 1247 1176 1225 1404 1408
1541 1431 1335 1225 1296 1525 1541
1680 1540 1426 1275 1369 1651 1680
1825 1653 1520 1326 1444 1782 1825
1976 1770 1617 1378 1521 1918 1976
2133 1891 1717 1431 1600 2059 2133
2296 2016 1820 1485 1681 2205 2296
2465 2145 1926 1540 1764 2356 2465
2640 2278 2035 1596 1849 2512 2640
2821 2415 2147 1653 1936 2673 2821
3008 2556 2262 1711 2025 2839 3008
3201 2701 2380 1770 2116 3010 3201
3400 2850 2501 1830 2209 3186 3400
3605 3003 2625 1891 2304 3367 3605
3816 3160 2752 1953 2401 3553 3816
4033 3321 2882 2016 2500 3744 4033
4256 3486 3015 2080 2601 3940 4256
4485 3655 3151 2145 2704 4141 4485
4720 3828 3290 2211 2809 4347 4720
4961 4005 3432 2278 2916 4558 4961
5208 4186 3577 2346 3025 4774 5208
5461 4371 3725 2415 3136 4995 5461
5720 4560 3876 2485 3249 5221 5720
5985 4753 4030 2556 3364 5452 5985
6256 4950 4187 2628 3481 5688 6256
6533 5151 4347 2701 3600 5929 6533
6816 5356 4510 2775 3721 6175 6816
7105 5565 4676 2850 3844 6426 7105
7400 5778 4845 2926 3969 6682 7400
7701 5995 5017 3003 4096 6943 7701
8008 6216 5192 3081 4225 7209 8008
8321 6441 5370 3160 4356 7480 8321
8640 6670 5551 3240 4489 7756 8640
8965 6903 5735 3321 4624 8037 8965
9296 7140 5922 3403 4761 8323 9296
9633 7381 6112 3486 4900 8614 9633
9976 7626 6305 3570 5041 8910 9976
0 7875 6501 3655 5184 9211 0
0 8128 6700 3741 5329 9517 0
0 8385 6902 3828 5476 9828 0
0 8646 7107 3916 5625 0 0
0 8911 7315 4005 5776 0 0
0 9180 7526 4095 5929 0 0
0 9453 7740 4186 6084 0 0
0 9730 7957 4278 6241 0 0
0 0 8177 4371 6400 0 0
0 0 8400 4465 6561 0 0
0 0 8626 4560 6724 0 0
0 0 8855 4656 6889 0 0
0 0 9087 4753 7056 0 0
0 0 9322 4851 7225 0 0
0 0 9560 4950 7396 0 0
0 0 9801 5050 7569 0 0
0 0 0 5151 7744 0 0
0 0 0 5253 7921 0 0
0 0 0 5356 8100 0 0
0 0 0 5460 8281 0 0
0 0 0 5565 8464 0 0
0 0 0 5671 8649 0 0
0 0 0 5778 8836 0 0
0 0 0 5886 9025 0 0
0 0 0 5995 9216 0 0
0 0 0 6105 9409 0 0
0 0 0 6216 9604 0 0
0 0 0 6328 9801 0 0
0 0 0 6441 0 0 0
0 0 0 6555 0 0 0
0 0 0 6670 0 0 0
0 0 0 6786 0 0 0
0 0 0 6903 0 0 0
0 0 0 7021 0 0 0
0 0 0 7140 0 0 0
0 0 0 7260 0 0 0
0 0 0 7381 0 0 0
0 0 0 7503 0 0 0
0 0 0 7626 0 0 0
0 0 0 7750 0 0 0
0 0 0 7875 0 0 0
0 0 0 8001 0 0 0
0 0 0 8128 0 0 0
0 0 0 8256 0 0 0
0 0 0 8385 0 0 0
0 0 0 8515 0 0 0
0 0 0 8646 0 0 0
0 0 0 8778 0 0 0
0 0 0 8911 0 0 0
0 0 0 9045 0 0 0
0 0 0 9180 0 0 0
0 0 0 9316 0 0 0
0 0 0 9453 0 0 0
0 0 0 9591 0 0 0
0 0 0 9730 0 0 0
0 0 0 9870 0 0 0